49
317
585
829
1073
1317
1561
1829
2073
2317
2561
2805
3049
3293
3561
3805
4049
4293
4537
4984
5445
5689
5933
6177
6421
6665
6909
7153
7397
7785
8029
8273
8517
8761
9005
9393
9637
9881
10125
10369
10637
10881
11125
11369
11613
12097
12341
12585
13124
13368
13612
13856
14100
14344
14588
14832
15076
15320
15564
15832
16076
16320
16588
16832
17076
17320
17564
17808
18052
18320
18564
18890
19134
20041
20285
20529
20773
21017
21261
21907
22247
22491
22735
22979
23223
23467
23711
23955
24199
24443
24687
24931
25175
26177
26421
26665
27267
27511
27755
28294