49
293
561
805
1049
1293
1537
1781
2025
2341
2626
2870
3138
3382
3667
3935
4179
4464
4708
4952
5386
5654
5970
6214
6458
6743
6987
7303
7547
7791
8035
8279
8564
8808
9052
9436
9762
10047
10315
10583
10868
11112
11397
11641
11885
12129
12455
12699
12943
13187
13513
13853
14138
14382
14626
14870
15155
15399
15643
16055
16299
16543
16811
17096
17381
17625
17910
18154
18601
18917
19161
19405
19649
19934
20367
20652
20896
21140
21480
21724
21968
22212
22497
22741
22985
23229
23538
23782
24026
24270
24514
24758
25002
25246
25949
26379
26623
26949
27234
27519